TweetID,Label
1001,0
1002,1
1003,0
1004,0
1005,0
1006,0
1007,0
1008,0
1009,1
1010,0
1011,1
1012,0
1013,0
1014,0
1015,1
1016,0
1017,0
1018,0
1019,0
1020,0
1021,0
1022,1
1023,0
1024,0
1025,0
1026,0
1027,0
1028,0
1029,1
1030,0
1031,1
1032,0
1033,0
1034,0
1035,1
1036,0
1037,0
1038,0
1039,0
1040,0
1041,0
1042,0
1043,0
1044,0
1045,1
1046,1
1047,1
1048,0
1049,0
1050,0
1051,0
1052,1
1053,1
1054,0
1055,1
1056,0
1057,0
1058,0
1059,0
1060,1
1061,0
1062,0
1063,1
1064,0
1065,0
1066,0
1067,0
1068,1
1069,0
1070,0
1071,0
1072,0
1073,0
1074,0
1075,1
1076,0
1077,1
1078,0
1079,0
1080,1
1081,0
1082,1
1083,0
1084,1
1085,0
1086,0
1087,1
1088,1
1089,0
1090,0
1091,1
1092,0
1093,1
1094,0
1095,0
1096,0
1097,1
1098,0
1099,0
1100,0
1101,0
1102,0
1103,0
1104,0
1105,1
1106,0
1107,1
1108,0
1109,1
1110,1
1111,1
1112,0
1113,1
1114,0
1115,0
1116,0
1117,0
1118,0
1119,1
1120,0
1121,0
1122,0
1123,0
1124,0
1125,0
1126,1
1127,0
1128,0
1129,1
1130,1
1131,1
1132,0
1133,0
1134,0
1135,0
1136,0
1137,0
1138,1
1139,0
1140,1
1141,0
1142,1
1143,0
1144,1
1145,0
1146,0
1147,0
1148,0
1149,0
1150,0
1151,0
1152,1
1153,0
1154,0
1155,1
1156,0
1157,0
1158,1
1159,1
1160,1
1161,0
1162,1
1163,0
1164,0
1165,1
1166,0
1167,0
1168,1
1169,0
1170,0
1171,0
1172,1
1173,0
1174,0
1175,0
1176,0
1177,0
1178,0
1179,0
1180,0
1181,0
1182,0
1183,0
1184,1
1185,0
1186,0
1187,0
1188,1
1189,0
1190,0
1191,0
1192,0
1193,0
1194,1
1195,1
1196,0
1197,1
1198,1
1199,0
1200,0
1201,0
1202,0
1203,1
1204,1
1205,1
1206,0
1207,0
1208,0
1209,1
1210,0
1211,0
1212,0
1213,1
1214,1
1215,0
1216,1
1217,0
1218,0
1219,1
1220,0
1221,1
1222,0
1223,1
1224,1
1225,0
1226,0
1227,0
1228,0
1229,0
1230,0
1231,0
1232,0
1233,0
1234,0
1235,1
1236,1
1237,0
1238,1
1239,0
1240,1
1241,0
1242,0
1243,1
1244,0
1245,0
1246,0
1247,1
1248,0
1249,1
1250,0
1251,0
1252,0
1253,1
1254,0
1255,1
1256,0
1257,1
1258,0
1259,0
1260,0
1261,1
1262,0
1263,0
1264,1
1265,0
1266,0
1267,0
1268,0
1269,1
1270,0
1271,1
1272,0
1273,0
1274,0
1275,1
1276,1
1277,1
1278,0
1279,1
1280,1
1281,1
1282,0
1283,1
1284,1
1285,0
1286,1
1287,0
1288,0
1289,0
1290,0
1291,0
1292,0
1293,0
1294,0
1295,0
1296,0
1297,0
1298,1
1299,0
1300,1
1301,0
1302,1
1303,1
1304,1
1305,1
1306,0
1307,1
1308,0
1309,0
1310,1
1311,0
1312,0
1313,0
1314,0
1315,0
1316,1
1317,0
1318,0
1319,0
1320,0
1321,0
1322,0
1323,0
1324,0
1325,0
1326,0
1327,1
1328,0
1329,1
1330,0
1331,0
1332,1
1333,1
1334,0
1335,0
1336,1
1337,0
1338,0
1339,0
1340,1
1341,0
1342,1
1343,0
1344,0
1345,0
1346,0
1347,0
1348,0
1349,0
1350,0
1351,0
1352,1
1353,0
1354,0
1355,0
1356,0
1357,1
1358,1
1359,1
1360,0
1361,0
1362,0
1363,0
1364,0
1365,0
1366,1
1367,0
1368,0
1369,0
1370,0
1371,0
1372,1
1373,1
1374,0
1375,0
1376,0
1377,1
1378,0
1379,1
1380,1
1381,0
1382,0
1383,1
1384,1
1385,1
1386,0
1387,1
1388,0
1389,0
1390,0
1391,0
1392,0
1393,0
1394,1
1395,1
1396,1
1397,0
1398,0
1399,0
1400,0
1401,0
1402,0
1403,1
1404,0
1405,1
1406,0
1407,0
1408,0
1409,0
1410,1
1411,0
1412,0
1413,0
1414,1
1415,0
1416,1
1417,0
1418,1
1419,0
1420,0
1421,0
1422,0
1423,1
1424,0
1425,0
1426,0
1427,0
1428,1
1429,0
1430,0
1431,0
1432,0
1433,0
1434,0
1435,0
1436,0
1437,0
1438,0
1439,0
1440,0
1441,0
1442,0
1443,0
1444,0
1445,1
1446,0
1447,1
1448,0
1449,0
1450,0
1451,0
1452,0
1453,0
1454,1
1455,1
1456,0
1457,1
1458,1
1459,0
1460,0
1461,0
1462,0
1463,0
1464,0
1465,0
1466,1
1467,0
1468,1
1469,0
1470,0
1471,0
1472,1
1473,0
1474,0
1475,0
1476,1
1477,0
1478,1
1479,0
1480,1
1481,1
1482,0
1483,0
1484,1
1485,0
1486,0
1487,1
1488,1
1489,0
1490,1
1491,0
1492,1
1493,0
1494,1
1495,0
1496,1
1497,0
1498,0
1499,1
1500,1
1501,1
1502,0
1503,0
1504,0
1505,0
1506,0
1507,1
1508,1
1509,0
1510,0
1511,0
1512,0
1513,0
1514,0
1515,1
1516,0
1517,0
1518,0
1519,0
1520,1
1521,0
1522,1
1523,0
1524,1
1525,0
1526,0
1527,1
1528,1
1529,1
1530,0
1531,0
1532,0
1533,1
1534,1
1535,1
1536,0
1537,0
1538,0
1539,1
1540,0
1541,0
1542,0
1543,0
1544,0
1545,0
1546,0
1547,0
1548,0
1549,0
1550,1
1551,1
1552,1
1553,0
1554,1
1555,0
1556,1
1557,0
1558,1
1559,0
1560,1
1561,1
1562,0
1563,1
1564,0
1565,0
1566,0
1567,0
1568,0
1569,0
1570,0
1571,0
1572,0
1573,1
1574,1
1575,0
1576,0
1577,0
1578,1
1579,0
1580,0
1581,1
1582,1
1583,0
1584,1
1585,0
1586,0
1587,0
1588,0
1589,0
1590,0
1591,0
1592,0
1593,1
1594,0
1595,0
1596,0
1597,0
1598,0
1599,1
1600,1
1601,0
1602,1
1603,0
1604,0
1605,0
1606,0
1607,0
1608,0
1609,0
1610,1
1611,0
1612,1
1613,0
1614,1
1615,0
1616,1
1617,0
1618,0
1619,1
1620,0
1621,1
1622,0
1623,0
1624,0
1625,0
1626,0
1627,0
1628,0
1629,1
1630,0
1631,1
1632,1
1633,0
1634,0
1635,1
1636,0
1637,0
1638,1
1639,0
1640,0
1641,0
1642,0
1643,0
1644,1
1645,1
1646,0
1647,0
1648,0
1649,1
1650,0
1651,0
1652,1
1653,0
1654,0
1655,1
1656,0
1657,1
1658,1
1659,0
1660,0
1661,1
1662,0
1663,0
1664,0
1665,0
1666,0
1667,0
1668,0
1669,1
1670,0
1671,1
1672,1
1673,1
1674,0
1675,1
1676,0
1677,0
1678,0
1679,1
1680,0
1681,0
1682,0
1683,0
1684,0
1685,0
1686,0
1687,1
1688,0
1689,1
1690,0
1691,1
1692,0
1693,1
1694,1
1695,0
1696,0
1697,0
1698,1
1699,0
1700,0
1701,0
1702,1
1703,0
1704,0
1705,0
1706,0
1707,0
1708,1
1709,0
1710,1
1711,0
1712,1
1713,0
1714,0
1715,0
1716,0
1717,1
1718,0
1719,0
1720,1
1721,0
1722,1
1723,1
1724,1
1725,0
1726,0
1727,1
1728,1
1729,0
1730,0
1731,0
1732,1
1733,0
1734,1
1735,1
1736,1
1737,0
1738,0
1739,1
1740,0
1741,1
1742,0
1743,1
1744,1
1745,0
1746,1
1747,1
1748,0
1749,0
1750,0
1751,0
1752,0
1753,0
1754,0
1755,0
1756,0
1757,1
1758,0
1759,0
1760,1
1761,0
1762,0
1763,1
1764,1
1765,1
1766,0
1767,0
1768,0
1769,0
1770,0
1771,0
1772,0
1773,0
1774,1
1775,0
1776,1
1777,1
1778,1
1779,1
1780,0
1781,1
1782,0
1783,0
1784,0
1785,0
1786,1
1787,0
1788,1
1789,0
1790,0
1791,0
1792,1
1793,0
1794,0
1795,0
1796,1
1797,0
1798,1
1799,0
1800,0
1801,0
1802,1
1803,1
1804,0
1805,0
1806,0
1807,1
1808,0
1809,1
1810,1
1811,0
1812,0
1813,0
1814,0
1815,0
1816,0
1817,0
1818,1
1819,1
1820,0
1821,1
1822,0
1823,0
1824,0
1825,0
1826,0
1827,0
1828,0
1829,0
1830,0
1831,0
1832,1
1833,1
1834,0
1835,0
1836,0
1837,0
1838,0
1839,0
1840,0
1841,0
1842,0
1843,0
1844,0
1845,1
1846,0
1847,0
1848,0
1849,0
1850,1
1851,0
1852,0
1853,1
1854,1
1855,1
1856,1
1857,0
1858,0
1859,0
1860,0
1861,1
1862,1
1863,0
1864,0
1865,0
1866,0
1867,0
1868,0
1869,0
1870,1
1871,0
1872,1
1873,1
1874,1
1875,1
1876,0
1877,1
1878,0
1879,0
1880,1
1881,1
1882,0
1883,0
1884,1
1885,0
1886,1
1887,0
1888,1
1889,1
1890,0
1891,1
1892,0
1893,1
1894,0
1895,0
1896,1
1897,1
1898,0
1899,0
1900,0
1901,0
1902,0
1903,0
1904,0
1905,0
1906,0
1907,0
1908,0
1909,1
1910,1
1911,0
1912,1
1913,0
1914,0
1915,0
1916,0
1917,0
1918,0
1919,1
1920,0
1921,1
1922,0
1923,1
1924,0
1925,0
1926,0
1927,0
1928,0
1929,1
1930,1
1931,0
1932,0
1933,0
1934,0
1935,0
1936,0
1937,0
1938,0
1939,0
1940,1
1941,1
1942,0
1943,0
1944,0
1945,0
1946,1
1947,0
1948,0
1949,1
1950,0
1951,0
1952,1
1953,0
1954,0
1955,1
1956,1
1957,1
1958,0
1959,1
1960,0
1961,1
1962,0
1963,1
1964,1
1965,0
1966,0
1967,0
1968,1
1969,1
1970,0
1971,0
1972,0
1973,0
1974,0
1975,0
1976,0
1977,0
1978,0
1979,0
1980,0
1981,1
1982,0
1983,1
1984,1
1985,0
1986,0
1987,0
1988,0
1989,1
1990,0
1991,0
1992,1
1993,0
1994,1
1995,0
1996,0
1997,0
1998,0
1999,0
2000,0
2001,0
2002,1
2003,0
2004,0
2005,0
2006,0
2007,1
2008,1
2009,1
2010,0
2011,0
2012,1
2013,0
2014,0
2015,0
2016,0
2017,0
2018,1
2019,1
2020,0
2021,0
2022,1
2023,0
2024,1
2025,1
2026,1
2027,0
2028,0
2029,0
2030,0
2031,1
2032,0
2033,0
2034,0
2035,0
2036,0
2037,0
2038,0
2039,0
2040,0
2041,0
2042,0
2043,0
2044,0
2045,0
2046,0
2047,0
2048,0
2049,0
2050,1
2051,1
2052,0
2053,0
2054,0
2055,1
2056,1
2057,0
2058,0
2059,1
2060,1
2061,1
2062,1
2063,0
2064,0
2065,0
2066,0
2067,0
2068,0
2069,0
2070,1
2071,0
2072,0
2073,0
2074,1
2075,0
2076,0
2077,0
2078,1
2079,1
2080,0
2081,0
2082,0
2083,1
2084,1
2085,0
2086,1
2087,0
2088,1
2089,0
2090,0
2091,0
2092,0
2093,1
2094,0
2095,0
2096,1
2097,1
2098,0
2099,0
2100,1
2101,0
2102,1
2103,0
2104,0
2105,1
2106,0
2107,0
2108,1
2109,0
2110,0
2111,1
2112,1
2113,0
2114,0
2115,0
2116,0
2117,1
2118,0
2119,0
2120,0
2121,0
2122,0
2123,1
2124,0
2125,1
2126,1
2127,1
2128,0
2129,0
2130,0
2131,0
2132,0
2133,0
2134,0
2135,0
2136,0
2137,0
2138,0
2139,0
2140,0
2141,0
2142,0
2143,0
2144,0
2145,0
2146,1
2147,0
2148,0
2149,0
2150,0
2151,0
2152,0
2153,0
2154,0
2155,0
2156,0
2157,0
2158,0
2159,1
2160,0
2161,0
2162,0
2163,1
2164,0
2165,1
2166,1
2167,1
2168,1
2169,0
2170,0
2171,0
2172,0
2173,0
2174,0
2175,1
2176,0
2177,1
2178,1
2179,1
2180,0
2181,0
2182,1
2183,1
2184,0
2185,0
2186,1
2187,0
2188,0
2189,1
2190,0
2191,0
2192,0
2193,0
2194,0
2195,0
2196,1
2197,0
2198,0
2199,0
2200,0
2201,0
2202,0
2203,0
2204,0
2205,0
2206,0
2207,0
2208,0
2209,0
2210,0
2211,0
2212,0
2213,0
2214,1
2215,0
2216,0
2217,1
2218,1
2219,0
2220,0
2221,1
2222,0
2223,0
2224,1
2225,0
2226,0
2227,0
2228,1
2229,0
2230,0
2231,0
2232,0
2233,0
2234,0
2235,0
2236,0
2237,1
2238,0
2239,0
2240,0
2241,1
2242,1
2243,0
2244,1
2245,1
2246,1
2247,0
2248,0
2249,0
2250,0
2251,0
2252,0
2253,0
2254,0
2255,0
2256,0
2257,1
2258,0
2259,0
2260,0
2261,0
2262,0
2263,1
2264,0
2265,0
2266,1
2267,1
2268,1
2269,1
2270,1
2271,0
2272,0
2273,0
2274,1
2275,0
2276,0
2277,0
2278,1
2279,0
2280,0
2281,0
2282,0
2283,0
2284,0
2285,0
2286,0
2287,1
2288,0
2289,1
2290,0
2291,0
2292,0
2293,0
2294,0
2295,1
2296,0
2297,0
2298,1
2299,0
2300,0
2301,1
2302,0
2303,0
2304,1
2305,1
2306,1
2307,1
2308,0
2309,0
2310,1
2311,1
2312,0
2313,1
2314,0
2315,0
2316,1
2317,0
2318,0
2319,0
2320,0
2321,1
2322,0
2323,0
2324,0
2325,0
2326,1
2327,0
2328,0
2329,1
2330,1
2331,1
2332,0
2333,0
2334,0
2335,0
2336,0
2337,0
2338,1
2339,0
2340,1
2341,1
2342,0
2343,0
2344,0
2345,1
2346,1
2347,0
2348,0
2349,0
2350,0
2351,0
2352,0
2353,0
2354,0
2355,0
2356,0
2357,0
2358,1
2359,0
2360,1
2361,1
2362,0
2363,0
2364,1
2365,0
2366,0
2367,0
2368,0
2369,0
2370,1
2371,1
2372,0
2373,1
2374,1
2375,1
2376,0
2377,0
2378,1
2379,1
2380,1
2381,0
2382,0
2383,1
2384,0
2385,0
2386,0
2387,0
2388,1
2389,0
2390,0
2391,0
2392,0
2393,0
2394,1
2395,1
2396,0
2397,0
2398,0
2399,0
2400,0
2401,0
2402,1
2403,0
2404,0
2405,0
2406,1
2407,1
2408,1
2409,0
2410,0
2411,1
2412,0
2413,0
2414,0
2415,1
2416,0
2417,1
2418,0
2419,0
2420,0
2421,0
2422,0
2423,0
2424,0
2425,0
2426,1
2427,0
2428,1
2429,0
2430,0
2431,1
2432,0
2433,0
2434,1
2435,1
2436,0
2437,0
2438,1
2439,0
2440,1
2441,0
2442,0
2443,0
2444,0
2445,1
2446,1
2447,1
2448,0
2449,1
2450,0
2451,1
2452,0
2453,0
2454,1
2455,0
2456,0
2457,1
2458,1
2459,1
2460,0
2461,0
2462,0
2463,0
2464,1
2465,0
2466,0
2467,0
2468,1
2469,0
2470,1
2471,0
2472,0
2473,1
2474,0
2475,0
2476,0
2477,1
2478,0
2479,0
2480,0
2481,0
2482,0
2483,0
2484,0
2485,0
2486,0
2487,0
2488,0
2489,0
2490,0
2491,0
2492,0
2493,1
2494,0
2495,0
2496,0
2497,1
2498,0
2499,0
2500,0
2501,0
2502,0
2503,0
2504,0
2505,0
2506,0
2507,0
2508,1
2509,0
2510,1
2511,1
2512,0
2513,0
2514,0
2515,1
2516,0
2517,1
2518,0
2519,0
2520,0
2521,0
2522,1
2523,0
2524,0
2525,0
2526,0
2527,1
2528,0
2529,0
2530,1
2531,0
2532,0
2533,0
2534,0
2535,1
2536,0
2537,0
2538,0
2539,0
2540,0
2541,0
2542,1
2543,0
2544,0
2545,1
2546,1
2547,0
2548,1
2549,1
2550,1
2551,0
2552,1
2553,1
2554,1
2555,1
2556,1
2557,1
2558,0
2559,1
2560,0
2561,0
2562,0
2563,0
2564,1
2565,0
2566,0
2567,0
2568,1
2569,1
2570,1
2571,1
2572,0
2573,1
2574,0
2575,1
2576,0
2577,0
2578,0
2579,0
2580,0
2581,1
2582,0
2583,1
2584,1
2585,0
2586,1
2587,0
2588,1
2589,0
2590,0
2591,1
2592,1
2593,0
2594,0
2595,1
2596,0
2597,0
2598,0
2599,0
2600,0
2601,0
2602,0
2603,0
2604,1
2605,1
2606,0
2607,1
2608,0
2609,0
2610,0
2611,0
2612,1
2613,1
2614,0
2615,0
2616,0
2617,1
2618,1
2619,1
2620,1
2621,0
2622,0
2623,1
2624,1
2625,0
2626,0
2627,1
2628,0
2629,0
2630,0
2631,0
2632,0
2633,0
2634,0
2635,0
2636,0
2637,0
2638,0
2639,0
2640,0
2641,0
2642,0
2643,0
2644,0
2645,0
2646,0
2647,0
2648,0
2649,0
2650,1
2651,0
2652,0
2653,1
2654,1
2655,0
2656,0
2657,0
2658,0
2659,0
2660,1
2661,1
2662,0
2663,1
2664,0
2665,1
2666,0
2667,0
2668,0
2669,0
2670,0
2671,0
2672,0
2673,0
2674,1
2675,0
2676,1
2677,1
2678,1
2679,0
2680,0
2681,0
2682,0
2683,1
2684,1
2685,1
2686,0
2687,0
2688,0
2689,0
2690,1
2691,1
2692,1
2693,1
2694,1
2695,0
2696,0
2697,0
2698,1
2699,0
2700,0
2701,0
2702,1
2703,0
2704,0
2705,0
2706,0
2707,0
2708,1
2709,0
2710,1
2711,0
2712,1
2713,0
2714,0
2715,0
2716,0
2717,0
2718,0
2719,0
2720,0
2721,0
2722,0
2723,0
2724,1
2725,0
2726,1
2727,0
2728,0
2729,0
2730,0
2731,1
2732,0
2733,0
2734,0
2735,0
2736,0
2737,1
2738,1
2739,1
2740,0
2741,0
2742,0
2743,1
2744,1
2745,1
2746,1
2747,0
2748,1
2749,0
2750,0
2751,0
2752,0
2753,0
2754,0
2755,0
2756,0
2757,0
2758,1
2759,0
2760,1
2761,1
2762,0
2763,0
2764,1
2765,1
2766,0
2767,0
2768,1
2769,0
2770,0
2771,1
2772,1
2773,0
2774,0
2775,1
2776,0
2777,0
2778,0
2779,1
2780,0
2781,0
2782,1
2783,1
2784,0
2785,0
2786,0
2787,1
2788,0
2789,0
2790,0
2791,0
2792,1
2793,0
2794,0
2795,1
2796,0
2797,0
2798,1
2799,0
2800,0
2801,0
2802,0
2803,1
2804,0
2805,1
2806,1
2807,1
2808,0
2809,0
2810,1
2811,0
2812,0
2813,0
2814,0
2815,0
2816,1
2817,1
2818,0
2819,0
2820,1
2821,0
2822,0
2823,1
2824,0
2825,0
2826,0
2827,1
2828,0
2829,0
2830,0
2831,0
2832,0
2833,0
2834,0
2835,0
2836,1
2837,0
2838,0
2839,0
2840,0
2841,1
2842,1
2843,0
2844,0
2845,0
2846,1
2847,1
2848,0
2849,0
2850,1
2851,0
2852,0
2853,0
2854,0
2855,0
2856,0
2857,0
2858,0
2859,0
2860,0
2861,0
2862,0
2863,0
2864,0
2865,1
2866,0
2867,0
2868,0
2869,0
2870,1
2871,0
2872,0
2873,0
2874,0
2875,0
2876,1
2877,0
2878,1
2879,0
2880,0
2881,0
2882,1
2883,0
2884,0
2885,1
2886,1
2887,0
2888,0
2889,0
2890,1
2891,0
2892,0
2893,0
2894,0
2895,0
2896,0
2897,0
2898,1
2899,0
2900,0
2901,0
2902,1
2903,1
2904,0
2905,1
2906,0
2907,0
2908,0
2909,1
2910,1
2911,0
2912,0
2913,1
2914,0
2915,0
2916,0
2917,1
2918,0
2919,0
2920,0
2921,0
2922,1
2923,0
2924,0
2925,0
2926,0
2927,0
2928,1
2929,1
2930,0
2931,0
2932,1
2933,0
2934,0
2935,1
2936,0
2937,0
2938,1
2939,0
2940,0
2941,0
2942,1
2943,0
2944,0
2945,1
2946,0
2947,0
2948,1
2949,1
2950,0
2951,0
2952,0
2953,0
2954,1
2955,1
2956,1
2957,0
2958,0
2959,0
2960,0
2961,0
2962,1
2963,1
2964,1
2965,0
2966,1
2967,0
2968,1
2969,0
2970,0
2971,0
2972,1
2973,1
2974,0
2975,1
2976,0
2977,0
2978,0
2979,1
2980,1
2981,1
2982,1
2983,0
2984,1
2985,0
2986,0
2987,0
2988,0
2989,0
2990,1
2991,0
2992,0
2993,0
2994,0
2995,0
2996,1
2997,0
2998,1
2999,1
3000,0
3001,0
3002,0
3003,0
3004,0
3005,1
3006,0
3007,0
3008,0
3009,0
3010,0
3011,0
3012,1
3013,0
3014,0
3015,1
3016,0
3017,0
3018,1
3019,0
3020,1
3021,1
3022,1
3023,0
3024,0
3025,1
3026,1
3027,1
3028,1
3029,0
3030,0
3031,0
3032,0
3033,0
3034,1
3035,0
3036,0
3037,1
3038,0
3039,1
3040,0
3041,1
3042,0
3043,1
3044,0
3045,0
3046,0
3047,1
3048,1
3049,0
3050,0
3051,0
3052,0
3053,1
3054,0
3055,1
3056,1
3057,0
3058,0
3059,0
3060,1
3061,1
3062,0
3063,0
3064,0
3065,0
3066,0
3067,0
3068,0
3069,0
3070,0
3071,1
3072,1
3073,0
3074,0
3075,0
3076,0
3077,0
3078,1
3079,1
3080,0
3081,0
3082,1
3083,1
3084,0
3085,0
3086,0
3087,0
3088,0
3089,0
3090,1
3091,0
3092,0
3093,0
3094,0
3095,0
3096,0
3097,0
3098,0
3099,0
3100,0
3101,0
3102,0
3103,1
3104,1
3105,1
3106,0
3107,0
3108,0
3109,0
3110,0
3111,1
3112,0
3113,1
3114,1
3115,1
3116,0
3117,0
3118,0
3119,1
3120,0
3121,0
3122,1
3123,1
3124,0
3125,0
3126,0
3127,0
3128,0
3129,0
3130,0
3131,0
3132,0
3133,0
3134,0
3135,1
3136,0
3137,1
3138,0
3139,0
3140,1
3141,0
3142,0
3143,1
3144,1
3145,0
3146,0
3147,0
3148,0
3149,0
3150,0
3151,0
3152,0
3153,0
3154,1
3155,0
3156,0
3157,0
3158,0
3159,1
3160,1
3161,0
3162,1
3163,0
3164,0
3165,0
3166,0
3167,0
3168,0
3169,0
3170,0
3171,0
3172,1
3173,0
3174,1
3175,0
3176,0
3177,0
3178,0
3179,0
3180,0
3181,0
3182,0
3183,0
3184,1
3185,0
3186,0
3187,0
3188,0
3189,1
3190,0
3191,0
3192,0
3193,0
3194,1
3195,0
3196,0
3197,0
3198,0
3199,0
3200,1
3201,1
3202,1
3203,1
3204,1
3205,1
3206,0
3207,1
3208,0
3209,0
3210,1
3211,0
3212,1
3213,0
3214,0
3215,1
3216,0
3217,1
3218,0
3219,1
3220,0
3221,1
3222,0
3223,0
3224,0
3225,0
3226,0
3227,1
3228,0
3229,1
3230,0
3231,0
3232,0
3233,1
3234,1
3235,1
3236,0
3237,0
3238,0
3239,0
3240,0
3241,0
3242,1
3243,1
3244,1
3245,1
3246,0
3247,0
3248,0
3249,0
3250,0
3251,1
3252,1
3253,0
3254,0
3255,0
3256,0
3257,0
3258,1
3259,0
3260,0
3261,0
3262,1
3263,0
3264,0
3265,1
3266,1
3267,0
3268,1
3269,0
3270,0
3271,1
3272,0
3273,1
3274,1
3275,1
3276,1
3277,0
3278,1
3279,1
3280,0
3281,0
3282,0
3283,0
3284,0
3285,0
3286,1
3287,0
3288,0
3289,0
3290,1
3291,0
3292,0
3293,0
3294,1
3295,1
3296,1
3297,0
3298,1
3299,0
3300,0
3301,0
3302,0
3303,0
3304,1
3305,1
3306,0
3307,1
3308,0
3309,1
3310,0
3311,0
3312,0
3313,0
3314,0
3315,1
3316,0
3317,0
3318,0
3319,0
3320,0
3321,1
3322,0
3323,0
3324,0
3325,0
3326,0
3327,1
3328,0
3329,1
3330,0
3331,0
3332,0
3333,1
3334,1
3335,0
3336,0
3337,1
3338,0
3339,1
3340,0
3341,1
3342,1
3343,0
3344,0
3345,1
3346,0
3347,1
3348,1
3349,1
3350,1
3351,0
3352,0
3353,0
3354,0
3355,0
3356,1
3357,0
3358,0
3359,0
3360,1
3361,0
3362,1
3363,1
3364,0
3365,0
3366,1
3367,1
3368,0
3369,1
3370,1
3371,0
3372,0
3373,0
3374,1
3375,1
3376,1
3377,0
3378,1
3379,1
3380,0
3381,0
3382,1
3383,1
3384,0
3385,1
3386,1
3387,0
3388,0
3389,0
3390,0
3391,0
3392,0
3393,1
3394,0
3395,0
3396,0
3397,0
3398,0
3399,1
3400,1
3401,0
3402,0
3403,0
3404,1
3405,0
3406,1
3407,0
3408,0
3409,1
3410,0
3411,0
3412,0
3413,0
3414,0
3415,1
3416,1
3417,0
3418,0
3419,1
3420,0
3421,0
3422,1
3423,0
3424,0
3425,1
3426,1
3427,0
3428,0
3429,0
3430,0
3431,0
3432,0
3433,0
3434,0
3435,1
3436,0
3437,0
3438,0
3439,1
3440,0
3441,1
3442,0
3443,0
3444,0
3445,0
3446,0
3447,0
3448,0
3449,0
3450,0
3451,0
3452,1
3453,0
3454,1
3455,1
3456,0
3457,1
3458,0
3459,0
3460,0
3461,1
3462,1
3463,1
3464,0
3465,1
3466,0
3467,0
3468,0
3469,0
3470,1
3471,0
3472,0
3473,0
3474,0
3475,0
3476,0
3477,1
3478,1
3479,1
3480,0
3481,0
3482,1
3483,0
3484,0
3485,0
3486,0
3487,0
3488,1
3489,1
3490,1
3491,0
3492,1
3493,0
3494,0
3495,0
3496,1
3497,1
3498,0
3499,0
3500,1
3501,0
3502,1
3503,0
3504,1
3505,1
3506,0
3507,0
3508,0
3509,1
3510,0
3511,1
3512,0
3513,1
3514,0
3515,0
3516,0
3517,1
3518,0
3519,0
3520,0
3521,0
3522,0
3523,0
3524,0
3525,1
3526,0
3527,0
3528,1
3529,0
3530,0
3531,1
3532,0
3533,0
3534,1
3535,0
3536,0
3537,0
3538,0
3539,0
3540,1
3541,0
3542,0
3543,0
3544,0
3545,0
3546,0
3547,0
3548,0
3549,0
3550,0
3551,1
3552,0
3553,0
3554,0
3555,1
3556,0
3557,1
3558,0
3559,0
3560,0
3561,0
3562,0
3563,0
3564,0
3565,0
3566,0
3567,1
3568,1
3569,0
3570,0
3571,0
3572,0
3573,0
3574,1
3575,1
3576,1
3577,0
3578,1
3579,1
3580,0
3581,0
3582,1
3583,0
3584,1
3585,0
3586,0
3587,0
3588,0
3589,0
3590,0
3591,1
3592,0
3593,0
3594,0
3595,1
3596,0
3597,0
3598,0
3599,0
3600,1
3601,1
3602,0
3603,1
3604,1
3605,0
3606,0
3607,0
3608,1
3609,0
3610,1
3611,0
3612,0
3613,0
3614,0
3615,0
3616,0
3617,0
3618,0
3619,0
3620,0
3621,0
3622,1
3623,1
3624,1
3625,0
3626,0
3627,0
3628,0
3629,0
3630,1
3631,0
3632,0
3633,1
3634,0
3635,1
3636,1
3637,0
3638,0
3639,0
3640,1
3641,0
3642,1
3643,1
3644,0
3645,0
3646,1
3647,1
3648,0
3649,1
3650,0
3651,1
3652,1
3653,0
3654,0
3655,0
3656,0
3657,1
3658,0
3659,0
3660,0
3661,0
3662,1
3663,0
3664,1
3665,0
3666,1
3667,0
3668,0
3669,0
3670,0
3671,0
3672,1
3673,1
3674,1
3675,0
3676,1
3677,0
3678,1
3679,0
3680,0
3681,0
3682,0
3683,1
3684,1
3685,1
3686,1
3687,0
3688,0
3689,0
3690,1
3691,0
3692,0
3693,0
3694,0
3695,1
3696,0
3697,0
3698,0
3699,1
3700,0
3701,0
3702,1
3703,1
3704,0
3705,0
3706,0
3707,0
3708,0
3709,0
3710,0
3711,0
3712,1
3713,1
3714,0
3715,0
3716,1
3717,1
3718,0
3719,0
3720,0
3721,1
3722,0
3723,0
3724,0
3725,0
3726,0
3727,0
3728,1
3729,1
3730,1
3731,0
3732,0
3733,0
3734,0
3735,0
3736,0
3737,0
3738,0
3739,0
3740,0
3741,0
3742,1
3743,0
3744,0
3745,1
3746,1
3747,1
3748,0
3749,0
3750,0
3751,1
3752,1
3753,1
3754,0
3755,0
3756,1
3757,0
3758,1
3759,0
3760,0
3761,0
3762,1
3763,1
3764,0
3765,0
3766,0
3767,0
3768,1
3769,1
3770,1
3771,0
3772,1
3773,0
3774,0
3775,0
3776,0
3777,0
3778,0
3779,0
3780,0
3781,1
3782,0
3783,1
3784,0
3785,1
3786,1
3787,1
3788,0
3789,1
3790,0
3791,0
3792,0
3793,1
3794,0
3795,0
3796,0
3797,0
3798,0
3799,0
3800,0
3801,1
3802,0
3803,0
3804,1
3805,0
3806,1
3807,1
3808,0
3809,1
3810,1
3811,0
3812,0
3813,1
3814,0
3815,1
3816,0
3817,1
3818,0
3819,0
3820,0
3821,0
3822,0
3823,0
3824,0
3825,0
3826,1
3827,1
3828,1
3829,1
3830,0
3831,0
3832,0
3833,1
3834,0
3835,1
3836,0
3837,0
3838,0
3839,1
3840,0
3841,1
3842,0
3843,0
3844,0
3845,0
3846,0
3847,1
3848,0
3849,1
3850,0
3851,0
3852,1
3853,0
3854,0
3855,1
3856,0
3857,1
3858,0
3859,0
3860,0
3861,0
3862,1
3863,0
3864,0
3865,1
3866,0
3867,1
3868,0
3869,0
3870,1
3871,1
3872,0
3873,0
3874,1
3875,0
3876,0
3877,0
3878,0
3879,0
3880,1
3881,0
3882,0
3883,0
3884,0
3885,1
3886,1
3887,1
3888,1
3889,0
3890,1
3891,0
3892,0
3893,0
3894,1
3895,1
3896,0
3897,1
3898,0
3899,1
3900,0
3901,0
3902,0
3903,0
3904,0
3905,0
3906,0
3907,1
3908,0
3909,1
3910,1
3911,1
3912,0
3913,0
3914,1
3915,0
3916,1
3917,1
3918,0
3919,0
3920,1
3921,0
3922,0
3923,1
3924,0
3925,1
3926,0
3927,0
3928,0
3929,1
3930,0
3931,0
3932,0
3933,0
3934,1
3935,1
3936,0
3937,1
3938,1
3939,0
3940,0
3941,0
3942,1
3943,0
3944,0
3945,0
3946,0
3947,0
3948,1
3949,1
3950,1
3951,0
3952,0
3953,1
3954,0
3955,0
3956,1
3957,0
3958,1
3959,1
3960,1
3961,0
3962,0
3963,1
3964,1
3965,1
3966,0
3967,1
3968,0
3969,0
3970,1
3971,0
3972,0
3973,1
3974,0
3975,0
3976,0
3977,0
3978,1
3979,1
3980,0
3981,0
3982,1
3983,1
3984,0
3985,0
3986,1
3987,1
3988,0
3989,0
3990,1
3991,1
3992,0
3993,0
3994,0
3995,0
3996,0
3997,0
3998,0
3999,0
4000,1
4001,0
4002,0
4003,0
4004,0
4005,1
4006,0
4007,0
4008,0
4009,0
4010,0
4011,1
4012,1
4013,0
4014,0
4015,0
4016,1
4017,0
4018,0
4019,0
4020,1
4021,1
4022,0
4023,0
4024,0
4025,1
4026,0
4027,0
4028,1
4029,0
4030,0
4031,1
4032,0
4033,1
4034,1
4035,1
4036,1
4037,0
4038,0
4039,0
4040,0
4041,0
4042,0
4043,0
4044,0
4045,0
4046,0
4047,0
4048,1
4049,0
4050,0
4051,1
4052,1
4053,0
4054,0
4055,1
4056,1
4057,0
4058,0
4059,0
4060,0
4061,1
4062,1
4063,0
4064,0
4065,1
4066,1
4067,1
4068,0
4069,0
4070,1
4071,1
4072,0
4073,0
4074,0
4075,0
4076,1
4077,0
4078,1
4079,0
4080,0
4081,1
4082,1
4083,0
4084,1
4085,0
4086,0
4087,0
4088,0
4089,0
4090,0
4091,1
4092,0
4093,1
4094,0
4095,1
4096,1
4097,0
4098,1
4099,0
4100,1
4101,0
4102,1
4103,1
4104,1
4105,0
4106,1
4107,0
4108,0
4109,0
4110,0
4111,1
4112,1
4113,0
4114,0
4115,1
4116,1
4117,1
4118,1
4119,0
4120,0
4121,0
4122,0
4123,0
4124,1
4125,0
4126,1
4127,0
4128,0
4129,0
4130,0
4131,0
4132,0
4133,0
4134,0
4135,0
4136,0
4137,0
4138,0
4139,0
4140,0
4141,1
4142,0
4143,0
4144,0
4145,1
4146,1
4147,0
4148,1
4149,0
4150,0
4151,0
4152,0
4153,1
4154,0
4155,0
4156,0
4157,0
4158,0
4159,0
4160,0
4161,1
4162,1
4163,0
4164,1
4165,1
4166,0
4167,0
4168,0
4169,1
4170,0
4171,1
4172,1
4173,0
4174,1
4175,1
4176,0
4177,0
4178,0
4179,0
4180,0
4181,0
4182,0
4183,1
4184,0
4185,1
4186,1
4187,0
4188,0
4189,0
4190,0
4191,0
4192,0
4193,0
4194,0
4195,0
4196,0
4197,0
4198,0
4199,0
4200,0
4201,0
4202,1
4203,0
4204,0
4205,1
4206,0
4207,0
4208,0
4209,1
4210,0
4211,0
4212,0
4213,0
4214,0
4215,1
4216,0
4217,0
4218,0
4219,0
4220,1
4221,0
4222,0
4223,1
4224,0
4225,0
4226,1
4227,0
4228,0
4229,1
4230,1
4231,0
4232,0
4233,0
4234,0
4235,0
4236,0
4237,0
4238,1
4239,0
4240,0
4241,0
4242,0
4243,0
4244,0
4245,0
4246,0
4247,1
4248,0
4249,1
4250,1
4251,0
4252,1
4253,0
4254,0
4255,0
4256,0
4257,0
4258,1
4259,0
4260,1
4261,0
4262,0
4263,0
4264,1
4265,1
4266,0
4267,0
4268,1
4269,0
4270,1
4271,0
4272,0
4273,1
4274,0
4275,0
4276,1
4277,1
4278,0
4279,0
4280,0
4281,0
4282,1
4283,0
4284,0
4285,1
4286,0
4287,1
4288,1
4289,0
4290,1
4291,0
4292,1
4293,0
4294,0
4295,0
4296,1
4297,1
4298,0
4299,0
4300,1
4301,1
4302,0
4303,0
4304,0
4305,0
4306,0
4307,0
4308,0
4309,0
4310,0
4311,0
4312,0
4313,1
4314,0
4315,0
4316,0
4317,0
4318,0
4319,0
4320,0
4321,1
4322,0
4323,0
4324,0
4325,0
4326,0
4327,0
4328,1
4329,1
4330,0
4331,0
4332,0
4333,1
4334,0
4335,1
4336,1
4337,1
4338,1
4339,1
4340,0
4341,0
4342,0
4343,0
4344,0
4345,0
4346,0
4347,1
4348,1
4349,0
4350,1
4351,0
4352,0
4353,0
4354,1
4355,0
4356,0
4357,1
4358,0
4359,0
4360,0
4361,0
4362,1
4363,1
4364,1
4365,1
4366,0
4367,0
4368,1
4369,0
4370,1
4371,1
4372,0
4373,1
4374,0
4375,0
4376,1
4377,1
4378,0
4379,0
4380,0
4381,0
4382,0
4383,1
4384,1
4385,0
4386,1
4387,0
4388,1
4389,0
4390,0
4391,0
4392,0
4393,0
4394,1
4395,0
4396,0
4397,1
4398,0
4399,1
4400,0
4401,0
4402,1
4403,0
4404,0
4405,0
4406,1
4407,0
4408,0
4409,0
4410,1
4411,0
4412,0
4413,0
4414,0
4415,1
4416,0
4417,0
4418,0
4419,0
4420,0
4421,1
4422,1
4423,0
4424,1
4425,1
4426,0
4427,0
4428,0
4429,0
4430,0
4431,0
4432,0
4433,1
4434,1
4435,1
4436,1
4437,0
4438,0
4439,0
4440,0
4441,1
4442,1
4443,0
4444,0
4445,0
4446,0
4447,0
4448,0
4449,1
4450,1
4451,0
4452,0
4453,0
4454,1
4455,1
4456,0
4457,0
4458,0
4459,0
4460,0
4461,0
4462,1
4463,0
4464,0
4465,0
4466,0
4467,0
4468,0
4469,0
4470,0
4471,1
4472,0
4473,1
4474,0
4475,0
4476,0
4477,1
4478,0
4479,0
4480,0
4481,0
4482,0
4483,0
4484,0
4485,0
4486,1
4487,1
4488,1
4489,1
4490,0
4491,0
4492,1
4493,1
4494,1
4495,1
4496,0
4497,1
4498,1
4499,0
4500,0
4501,0
4502,0
4503,0
4504,0
4505,0
4506,1
4507,0
4508,1
4509,1
4510,0
4511,0
4512,0
4513,0
4514,0
4515,0
4516,0
4517,0
4518,1
4519,0
4520,1
4521,0
4522,1
4523,0
4524,0
4525,1
4526,0
4527,0
4528,0
4529,0
4530,0
4531,0
4532,0
4533,0
4534,0
4535,1
4536,1
4537,0
4538,1
4539,0
4540,0
4541,1
4542,0
4543,0
4544,0
4545,0
4546,0
4547,1
4548,1
4549,0
4550,0
4551,0
4552,1
4553,0
4554,1
4555,0
4556,1
4557,0
4558,0
4559,0
4560,1
4561,0
4562,0
4563,0
4564,1
4565,0
4566,1
4567,0
4568,0
4569,0
4570,0
4571,0
4572,0
4573,0
4574,0
4575,0
4576,0
4577,1
4578,0
4579,1
4580,0
4581,0
4582,0
4583,1
4584,1
4585,0
4586,1
4587,1
4588,0
4589,0
4590,0
4591,1
4592,1
4593,1
4594,1
4595,0
4596,0
4597,0
4598,1
4599,0
4600,0
4601,0
4602,0
4603,0
4604,0
4605,0
4606,0
4607,0
4608,0
4609,1
4610,0
4611,1
4612,0
4613,1
4614,0
4615,0
4616,0
4617,1
4618,0
4619,0
4620,1
4621,1
4622,0
4623,1
4624,0
4625,0
4626,1
4627,0
4628,0
4629,1
4630,1
4631,0
4632,0
4633,1
4634,0
4635,1
4636,0
4637,0
4638,0
4639,0
4640,0
4641,0
4642,1
4643,1
4644,1
4645,0
4646,0
4647,0
4648,0
4649,0
4650,0
4651,0
4652,0
4653,0
4654,0
4655,1
4656,1
4657,0
4658,1
4659,1
4660,0
4661,0
4662,1
4663,0
4664,0
4665,1
4666,0
4667,0
4668,1
4669,0
4670,0
4671,0
4672,0
4673,0
4674,0
4675,1
4676,0
4677,0
4678,0
4679,0
4680,1
4681,1
4682,0
4683,1
4684,0
4685,0
4686,0
4687,0
4688,0
4689,0
4690,1
4691,1
4692,0
4693,1
4694,0
4695,1
4696,0
4697,0
4698,1
4699,0
4700,0
4701,0
4702,0
4703,0
4704,0
4705,0
4706,1
4707,0
4708,1
4709,0
4710,0
4711,0
4712,0
4713,0
4714,0
4715,0
4716,0
4717,1
4718,0
4719,1
4720,0
4721,0
4722,0
4723,0
4724,0
4725,0
4726,1
4727,1
4728,1
4729,0
4730,0
4731,0
4732,1
4733,0
4734,0
4735,1
4736,1
4737,0
4738,0
4739,0
4740,1
4741,0
4742,1
4743,0
4744,1
4745,1
4746,0
4747,0
4748,1
4749,0
4750,0
4751,0
4752,0
4753,0
4754,1
4755,1
4756,0
4757,0
4758,0
4759,0
4760,1
4761,0
4762,0
4763,1
4764,1
4765,0
4766,0
4767,0
4768,0
4769,1
4770,0
4771,1
4772,0
4773,1
4774,1
4775,0
4776,0
4777,1
4778,1
4779,1
4780,1
4781,1
4782,0
4783,0
4784,0
4785,0
4786,0
4787,0
4788,0
4789,1
4790,0
4791,0
4792,1
4793,1
4794,1
4795,0
4796,1
4797,1
4798,1
4799,0
4800,0
4801,0
4802,0
4803,0
4804,0
4805,0
4806,0
4807,0
4808,1
4809,1
4810,1
4811,0
4812,1
4813,0
4814,1
4815,0
4816,0
4817,0
4818,0
4819,0
4820,0
4821,0
4822,1
4823,1
4824,1
4825,0
4826,1
4827,1
4828,1
4829,0
4830,1
4831,0
4832,1
4833,1
4834,1
4835,0
4836,0
4837,1
4838,1
4839,0
4840,1
4841,0
4842,0
4843,1
4844,0
4845,0
4846,0
4847,0
4848,0
4849,0
4850,0
4851,0
4852,1
4853,1
4854,1
4855,0
4856,0
4857,0
4858,0
4859,0
4860,1
4861,1
4862,0
4863,0
4864,0
4865,0
4866,1
4867,1
4868,1
4869,1
4870,0
4871,0
4872,0
4873,0
4874,1
4875,0
4876,0
4877,1
4878,0
4879,0
4880,0
4881,1
4882,1
4883,0
4884,1
4885,0
4886,1
4887,0
4888,0
4889,0
4890,1
4891,0
4892,0
4893,0
4894,1
4895,0
4896,0
4897,0
4898,0
4899,1
4900,0
4901,0
4902,0
4903,0
4904,1
4905,0
4906,0
4907,0
4908,0
4909,1
4910,0
4911,0
4912,0
4913,0
4914,0
4915,0
4916,0
4917,1
4918,1
4919,0
4920,0
4921,1
4922,1
4923,1
4924,0
4925,0
4926,0
4927,0
4928,1
4929,0
4930,0
4931,1
4932,0
4933,0
4934,0
4935,0
4936,1
4937,0
4938,0
4939,1
4940,0
4941,1
4942,0
4943,0
4944,0
4945,1
4946,0
4947,0
4948,0
4949,0
4950,0
4951,1
4952,0
4953,0
4954,0
4955,1
4956,1
4957,0
4958,0
4959,1
4960,0
4961,1
4962,0
4963,0
4964,0
4965,0
4966,0
4967,1
4968,0
4969,0
4970,0
4971,0
4972,0
4973,0
4974,0
4975,1
4976,0
4977,0
4978,0
4979,0
4980,1
4981,0
4982,0
4983,0
4984,0
4985,0
4986,1
4987,0
4988,0
4989,1
4990,0
4991,0
4992,0
4993,0
4994,0
4995,0
4996,1
4997,1
4998,1
4999,0
5000,0
